0  3 2 -1.5 0.1 0.1 0.1 0 0  0.523
0 -3 4 -2  0.2 0.2 0.2  0 0.523 0 
0 -3 3 -3.5 0.25 0.25 0.25 0.523 0 0 
0 2 2 -4 0.3 0.3 0.3 0.523 0.7 0.7 
0 6 5 -6 0.3 0.3 0.3 0.523 0.7 0.7 
0 -4 4 -7.5 0.4 0.4 0.4 0.523 0 0 
0  3 1 -9 0.1 0.1 0.1 0 0  0.523
0 6 2 -11 0.2 0.2 0.2  0 0.523 0 
0 -4 1 -12 0.25 0.25 0.25 0.523 0 0 
0 2 0 -14 0.3 0.3 0.3 0.523 0.7 0.7 
10 -1 1 -16 0.3 0.3 0.3 0.523 0.7 0.7 
10 -2 -2 -20.5 0.4 0.4 0.4 0.523 0 0 
9 3 -3 -25 0.25 0.25 0.25 0.523 0 0 
1 -7 2 -28 0.3 0.3 0.3 0.523 0.7 0.7 
2 4 -6 -32 0.3 0.3 0.3 0.523 0.7 0.7 
3  1 1 -36 0.1 0.1 0.1 0 0  0.523
4 -3 -3 -40  0.2 0.2 0.2  0 0.523 0 
5 5 5 -45 0.25 0.25 0.25 0.523 0 0 
6 -2 2 -50 0.3 0.3 0.3 0.523 0.7 0.7 
7 1.5 0 -9  0.2 0.2 0.2 1.570795 0.523 0 
7 4 -2 -13  0.1 0.1 0.1 1.570795 0.7 0 
7 -2 4 -23 0.1 0.1 0.1 1.570795 0.523 0 
8 -1 -1 -7 0.2 0.2 0.2 0 1.570795 1.570795
8 1 -6 -20 0.2 0.2 0.2 0 1.570795 1.570795
8 4 -7 -25 0.2 0.2 0.2 0 1.570795 1.570795
8 3 -1 -30 0.2 0.2 0.2 0 1.570795 1.570795
8 -3 1 -40 0.2 0.2 0.2 0 1.570795 1.570795
3 3 3 -5 0.1 0.1 0.1 0 1.570795 1.570795
4 2 2 -9 0.3 0.3 0.3 0 1.570795 1.570795
5 4 -6 -15 0.2 0.2 0.2 0 1.570795 1.570795
6 -4 -1 -30 0.2 0.2 0.2 0 1.570795 1.570795
2 6 1 -40 0.5 0.5 0.5 0 1.570795 1.570795
3 -4 3 -50 0.2 0.2 0.2 0 1.570795 1.570795