8  3 2 -1.5 0.1 0.1 0.1 0 0  0.523
8 -3 4 -2  0.2 0.2 0.2  0 0.523 0 
8 -3 3 -3.5 0.25 0.25 0.25 0.523 0 0 
8 2 2 -4 0.3 0.3 0.3 0.523 0.7 0.7 
8 6 5 -6 0.3 0.3 0.3 0.523 0.7 0.7 
8 -4 4 -7.5 0.4 0.4 0.4 0.523 0 0 
0  3 1 -9 0.1 0.1 0.1 0 0  0.523
0 6 2 -11 0.2 0.2 0.2  0 0.523 0 
0 -4 1 -12 0.25 0.25 0.25 0.523 0 0 
0 2 0 -14 0.3 0.3 0.3 0.523 0.7 0.7 
10 -1 1 -16 0.3 0.3 0.3 0.523 0.7 0.7 
10 -2 -2 -20.5 0.4 0.4 0.4 0.523 0 0 
9 3 -3 -25 0.25 0.25 0.25 0.523 0 0 
1 -7 2 -28 0.3 0.3 0.3 0.523 0.7 0.7 
2 4 -6 -32 0.3 0.3 0.3 0.523 0.7 0.7 
3  1 1 -36 0.1 0.1 0.1 0 0  0.523
4 -3 -3 -40  0.2 0.2 0.2  0 0.523 0 
11 5 5 -45 0.25 0.25 0.25 0.523 0 0 
11 -2 2 -50 0.3 0.3 0.3 0.523 0.7 0.7 
11 2 0 -65 0.3 0.3 0.3 0.523 0.7 0.7 
11 0 0 3 0.1 0.1 0.1 1.570795 0.523 0 
11 1 0 0  0.2 0.2 0.2 1.570795 0.523 0 
11 -2 -2 -3  0.1 0.1 0.1 1.570795 0.523 0 
11 1.5 0 -9  0.2 0.2 0.2 1.570795 0.523 0 
7 4 -2 -13  0.1 0.1 0.1 1.570795 0.7 0 
7 0 0 -17 0.2 0.2 0.2 1.570795 0.22 0 
7 -2 4 -23 0.1 0.1 0.1 1.570795 0.523 0 
7 2 0 -27  0.2 0.2 0.2 1.570795 0.523 0 
7 0 -1.5 -30  0.1 0.1 0.1 1.570795 0.523 0 
7 0 2 -32  0.2 0.2 0.2 1.570795 0.523 0 
7 0 1 -33  0.1 0.1 0.1 1.570795 0.7 0 
2 3 3 -44 0.2 0.2 0.2 0 1.570795 1.570795
3 3 3 -52 0.1 0.1 0.1 0 1.570795 1.570795
4 2 2 -67 0.3 0.3 0.3 0 1.570795 1.570795
5 4 -6 -85 0.2 0.2 0.2 0 1.570795 1.570795
6 -4 -1 -130 0.2 0.2 0.2 0 1.570795 1.570795
2 6 1 -140 0.5 0.5 0.5 0 1.570795 1.570795
3 -4 3 -150 0.2 0.2 0.2 0 1.570795 1.570795
8  3 2 -105 0.1 0.1 0.1 0 0  0.523
8 -3 4 -112  0.2 0.2 0.2  0 0.523 0 
8 -3 3 -93.5 0.25 0.25 0.25 0.523 0 0 
8 2 2 -94 0.3 0.3 0.3 0.523 0.7 0.7 
8 6 5 -96 0.3 0.3 0.3 0.523 0.7 0.7 
8 -4 4 -97.5 0.4 0.4 0.4 0.523 0 0 
0  3 1 -99 0.1 0.1 0.1 0 0  0.523
0 6 2 -101 0.2 0.2 0.2  0 0.523 0 
0 -4 1 -192 0.25 0.25 0.25 0.523 0 0 
