0 2.5 1.2 -1 0.1 0.1 0.1 0.523 0.523 0.523
1 -2.1 3.2 -4 0.3 0.3 0.3 0 0 0.523
2 1.3 -2.7 -10 0.1 0.1 0.1 0 0 0.523
3 -0.4 -4.2 -15 0.3 0.3 0.3 1.570795 0.523 0
4 3.1 2.9 -20 0.1 0.1 0.1 0.523 0 0
5 -1.9 0.1 -25 0.3 0.3 0.3 0 0 0.523
6 0 -0.9 -30 0.1 0.1 0.1 0 0 0.523
0 -2.8 -1.3 -35 0.3 0.3 0.3 1.570795 0.523 0
1 2 0.7 -40 0.1 0.1 0.1 0.523 0 0
2 -1 3.5 -45 0.3 0.3 0.3 0 0 0.523
3 -0.9 -1 -50 0.1 0.1 0.1 0 0 0.523
4 -1 -1.7 -55 0.3 0.3 0.3 1.570795 0.523 0
5 0 2.1 -60 0.1 0.1 0.1 0.523 0 0
6 -2 4.1 -65 0.3 0.3 0.3 0 0 0.523
0 1.23 -3.1 -70 0.1 0.1 0.1 0 0 0.523
1 -2.3 -2.3 -75 0.3 0.3 0.3 1.570795 0.523 0
2 1 2.5 -80 0.1 0.1 0.1 0.523 0 0
3 -0.5 1.5 -86 0.3 0.3 0.3 0 0 0.523
4 1.9 -2 -90 0.1 0.1 0.1 0 0 0.523
5 -0.1 2.5 -95 0.3 0.3 0.3 1.570795 0.523 0
6 1 0 -99 0.1 0.1 0.1 0.523 0 0
0 7 2 15 0.1 0.1 0.1 0.523 0 0
0 10 1 20 0.1 0.1 0.1 0.523 0 0
0 -5 -3 25 0.1 0.1 0.1 0.523 0 0
0 -9 -2 10 0.1 0.1 0.1 0.523 0 0
0 11 1 30 0.1 0.1 0.1 0.523 0 0
1 7 3 35 0.1 0.1 0.1 0.523 0 0
1 9 -2 40 0.1 0.1 0.1 0.523 0 0
1 -9 -1 45 0.1 0.1 0.1 0.523 0 0
1 8 3 50 0.1 0.1 0.1 0.523 0 0
1 -10 -4 23 0.1 0.1 0.1 0.523 0 0
7 0.1 -1 -20 0.1 0.1 0.1 1.570795 0.7 0
7 0.7 0.9 -40 0.2 0.2 0.2 1.570795 0.7 0
7 -0.5 -1.7 -70 0.1 0.1 0.1 1.570795 0.7 0
7 -1.45 1.2 -90 0.2 0.2 0.2 1.570795 0.7 0
7 0 0 -55 0.4 0.4 0.4 1.570795 0.7 0
8 1 0.1 -10 0.3 0.3 0.3 0.523 0.7 0.7 
8 2 0.2 -30 0.3 0.3 0.3 0.523 0.7 0.7 
8 -1 -0.1 -47 0.3 0.3 0.3 0.523 0.7 0.7 
8 -2 -0.2 -80 0.3 0.3 0.3 0.523 0.7 0.7 
8 0 0.5 -66 0.3 0.3 0.3 0.523 0.7 0.7 
9 0 0 0 0.5 0.5 0.5 0 0 0.1
9 1 0 -25 0.25 0.25 0.25 0.523 0 0 
9 -1 0 -50 0.25 0.25 0.25 0.523 0 0 
9 1 -1 -75 0.25 0.25 0.25 0.523 0 0 
9 -2 5 -92 0.25 0.25 0.25 0.523 0 0
11 0 0 -500 0.8 0.8 0.8 0.1 0.1 0.1 